2025/05/20-02:12:59.344172 7ff3ba48f380 RocksDB version: 6.15.2
2025/05/20-02:12:59.345000 7ff3ba48f380 Git sha rocksdb_build_git_sha:@0@
2025/05/20-02:12:59.345004 7ff3ba48f380 Compile date Jan 25 2022
2025/05/20-02:12:59.345037 7ff3ba48f380 DB SUMMARY
2025/05/20-02:12:59.345038 7ff3ba48f380 DB Session ID:  596TCXYQH1Y0KQJ0UVHA
2025/05/20-02:12:59.348333 7ff3ba48f380 CURRENT file:  CURRENT
2025/05/20-02:12:59.348336 7ff3ba48f380 IDENTITY file:  IDENTITY
2025/05/20-02:12:59.349248 7ff3ba48f380 MANIFEST file:  MANIFEST-000076 size: 1750 Bytes
2025/05/20-02:12:59.349253 7ff3ba48f380 SST files in /var/lib/milvus/rdb_data dir, Total Num: 11, files: 000008.sst 000014.sst 000020.sst 000026.sst 000033.sst 000040.sst 000047.sst 000054.sst 000061.sst 
2025/05/20-02:12:59.349254 7ff3ba48f380 Write Ahead Log file in /var/lib/milvus/rdb_data: 000077.log size: 138804 ; 
2025/05/20-02:12:59.349256 7ff3ba48f380                         Options.error_if_exists: 0
2025/05/20-02:12:59.349257 7ff3ba48f380                       Options.create_if_missing: 1
2025/05/20-02:12:59.349258 7ff3ba48f380                         Options.paranoid_checks: 1
2025/05/20-02:12:59.349259 7ff3ba48f380                               Options.track_and_verify_wals_in_manifest: 0
2025/05/20-02:12:59.349259 7ff3ba48f380                                     Options.env: 0x46f9060
2025/05/20-02:12:59.349260 7ff3ba48f380                                      Options.fs: Posix File System
2025/05/20-02:12:59.349261 7ff3ba48f380                                Options.info_log: 0x1c191000
2025/05/20-02:12:59.349261 7ff3ba48f380                Options.max_file_opening_threads: 16
2025/05/20-02:12:59.349262 7ff3ba48f380                              Options.statistics: (nil)
2025/05/20-02:12:59.349263 7ff3ba48f380                               Options.use_fsync: 0
2025/05/20-02:12:59.349263 7ff3ba48f380                       Options.max_log_file_size: 0
2025/05/20-02:12:59.349264 7ff3ba48f380                  Options.max_manifest_file_size: 1073741824
2025/05/20-02:12:59.349265 7ff3ba48f380                   Options.log_file_time_to_roll: 0
2025/05/20-02:12:59.349265 7ff3ba48f380                       Options.keep_log_file_num: 1000
2025/05/20-02:12:59.349266 7ff3ba48f380                    Options.recycle_log_file_num: 0
2025/05/20-02:12:59.349266 7ff3ba48f380                         Options.allow_fallocate: 1
2025/05/20-02:12:59.349267 7ff3ba48f380                        Options.allow_mmap_reads: 0
2025/05/20-02:12:59.349267 7ff3ba48f380                       Options.allow_mmap_writes: 0
2025/05/20-02:12:59.349268 7ff3ba48f380                        Options.use_direct_reads: 0
2025/05/20-02:12:59.349268 7ff3ba48f380                        Options.use_direct_io_for_flush_and_compaction: 0
2025/05/20-02:12:59.349269 7ff3ba48f380          Options.create_missing_column_families: 0
2025/05/20-02:12:59.349269 7ff3ba48f380                              Options.db_log_dir: 
2025/05/20-02:12:59.349270 7ff3ba48f380                                 Options.wal_dir: /var/lib/milvus/rdb_data
2025/05/20-02:12:59.349271 7ff3ba48f380                Options.table_cache_numshardbits: 6
2025/05/20-02:12:59.349271 7ff3ba48f380                         Options.WAL_ttl_seconds: 0
2025/05/20-02:12:59.349272 7ff3ba48f380                       Options.WAL_size_limit_MB: 0
2025/05/20-02:12:59.349272 7ff3ba48f380                        Options.max_write_batch_group_size_bytes: 1048576
2025/05/20-02:12:59.349273 7ff3ba48f380             Options.manifest_preallocation_size: 4194304
2025/05/20-02:12:59.349274 7ff3ba48f380                     Options.is_fd_close_on_exec: 1
2025/05/20-02:12:59.349274 7ff3ba48f380                   Options.advise_random_on_open: 1
2025/05/20-02:12:59.349275 7ff3ba48f380                    Options.db_write_buffer_size: 0
2025/05/20-02:12:59.349275 7ff3ba48f380                    Options.write_buffer_manager: 0x1c18d890
2025/05/20-02:12:59.349276 7ff3ba48f380         Options.access_hint_on_compaction_start: 1
2025/05/20-02:12:59.349276 7ff3ba48f380  Options.new_table_reader_for_compaction_inputs: 0
2025/05/20-02:12:59.349277 7ff3ba48f380           Options.random_access_max_buffer_size: 1048576
2025/05/20-02:12:59.349646 7ff3ba48f380                      Options.use_adaptive_mutex: 0
2025/05/20-02:12:59.349649 7ff3ba48f380                            Options.rate_limiter: (nil)
2025/05/20-02:12:59.349651 7ff3ba48f380     Options.sst_file_manager.rate_bytes_per_sec: 0
2025/05/20-02:12:59.349653 7ff3ba48f380                       Options.wal_recovery_mode: 2
2025/05/20-02:12:59.349653 7ff3ba48f380                  Options.enable_thread_tracking: 0
2025/05/20-02:12:59.349654 7ff3ba48f380                  Options.enable_pipelined_write: 0
2025/05/20-02:12:59.349655 7ff3ba48f380                  Options.unordered_write: 0
2025/05/20-02:12:59.349655 7ff3ba48f380         Options.allow_concurrent_memtable_write: 1
2025/05/20-02:12:59.349656 7ff3ba48f380      Options.enable_write_thread_adaptive_yield: 1
2025/05/20-02:12:59.349656 7ff3ba48f380             Options.write_thread_max_yield_usec: 100
2025/05/20-02:12:59.349657 7ff3ba48f380            Options.write_thread_slow_yield_usec: 3
2025/05/20-02:12:59.349657 7ff3ba48f380                               Options.row_cache: None
2025/05/20-02:12:59.349658 7ff3ba48f380                              Options.wal_filter: None
2025/05/20-02:12:59.349659 7ff3ba48f380             Options.avoid_flush_during_recovery: 0
2025/05/20-02:12:59.349659 7ff3ba48f380             Options.allow_ingest_behind: 0
2025/05/20-02:12:59.349660 7ff3ba48f380             Options.preserve_deletes: 0
2025/05/20-02:12:59.349660 7ff3ba48f380             Options.two_write_queues: 0
2025/05/20-02:12:59.349661 7ff3ba48f380             Options.manual_wal_flush: 0
2025/05/20-02:12:59.349661 7ff3ba48f380             Options.atomic_flush: 0
2025/05/20-02:12:59.349662 7ff3ba48f380             Options.avoid_unnecessary_blocking_io: 0
2025/05/20-02:12:59.349663 7ff3ba48f380                 Options.persist_stats_to_disk: 0
2025/05/20-02:12:59.349663 7ff3ba48f380                 Options.write_dbid_to_manifest: 0
2025/05/20-02:12:59.349664 7ff3ba48f380                 Options.log_readahead_size: 0
2025/05/20-02:12:59.349664 7ff3ba48f380                 Options.file_checksum_gen_factory: Unknown
2025/05/20-02:12:59.349665 7ff3ba48f380                 Options.best_efforts_recovery: 0
2025/05/20-02:12:59.349665 7ff3ba48f380                Options.max_bgerror_resume_count: 2147483647
2025/05/20-02:12:59.349666 7ff3ba48f380            Options.bgerror_resume_retry_interval: 1000000
2025/05/20-02:12:59.349667 7ff3ba48f380             Options.allow_data_in_errors: 0
2025/05/20-02:12:59.349667 7ff3ba48f380             Options.db_host_id: __hostname__
2025/05/20-02:12:59.349668 7ff3ba48f380             Options.max_background_jobs: 2
2025/05/20-02:12:59.349668 7ff3ba48f380             Options.max_background_compactions: -1
2025/05/20-02:12:59.349669 7ff3ba48f380             Options.max_subcompactions: 1
2025/05/20-02:12:59.349669 7ff3ba48f380             Options.avoid_flush_during_shutdown: 0
2025/05/20-02:12:59.349670 7ff3ba48f380           Options.writable_file_max_buffer_size: 1048576
2025/05/20-02:12:59.349671 7ff3ba48f380             Options.delayed_write_rate : 16777216
2025/05/20-02:12:59.349671 7ff3ba48f380             Options.max_total_wal_size: 0
2025/05/20-02:12:59.349672 7ff3ba48f380             Options.delete_obsolete_files_period_micros: 21600000000
2025/05/20-02:12:59.349672 7ff3ba48f380                   Options.stats_dump_period_sec: 600
2025/05/20-02:12:59.349673 7ff3ba48f380                 Options.stats_persist_period_sec: 600
2025/05/20-02:12:59.349673 7ff3ba48f380                 Options.stats_history_buffer_size: 1048576
2025/05/20-02:12:59.349674 7ff3ba48f380                          Options.max_open_files: -1
2025/05/20-02:12:59.349675 7ff3ba48f380                          Options.bytes_per_sync: 0
2025/05/20-02:12:59.349675 7ff3ba48f380                      Options.wal_bytes_per_sync: 0
2025/05/20-02:12:59.349676 7ff3ba48f380                   Options.strict_bytes_per_sync: 0
2025/05/20-02:12:59.349676 7ff3ba48f380       Options.compaction_readahead_size: 0
2025/05/20-02:12:59.350041 7ff3ba48f380                  Options.max_background_flushes: 1
2025/05/20-02:12:59.350046 7ff3ba48f380 Compression algorithms supported:
2025/05/20-02:12:59.350048 7ff3ba48f380 	kZSTDNotFinalCompression supported: 0
2025/05/20-02:12:59.350050 7ff3ba48f380 	kZSTD supported: 0
2025/05/20-02:12:59.350051 7ff3ba48f380 	kXpressCompression supported: 0
2025/05/20-02:12:59.350052 7ff3ba48f380 	kLZ4HCCompression supported: 0
2025/05/20-02:12:59.350053 7ff3ba48f380 	kLZ4Compression supported: 0
2025/05/20-02:12:59.350054 7ff3ba48f380 	kBZip2Compression supported: 0
2025/05/20-02:12:59.350055 7ff3ba48f380 	kZlibCompression supported: 0
2025/05/20-02:12:59.350056 7ff3ba48f380 	kSnappyCompression supported: 0
2025/05/20-02:12:59.350062 7ff3ba48f380 Fast CRC32 supported: Supported on x86
2025/05/20-02:12:59.358512 7ff3ba48f380 [db/version_set.cc:4725] Recovering from manifest file: /var/lib/milvus/rdb_data/MANIFEST-000076
2025/05/20-02:12:59.360601 7ff3ba48f380 [db/column_family.cc:597] --------------- Options for column family [default]:
2025/05/20-02:12:59.360609 7ff3ba48f380               Options.comparator: leveldb.BytewiseComparator
2025/05/20-02:12:59.360610 7ff3ba48f380           Options.merge_operator: None
2025/05/20-02:12:59.360611 7ff3ba48f380        Options.compaction_filter: None
2025/05/20-02:12:59.360612 7ff3ba48f380        Options.compaction_filter_factory: None
2025/05/20-02:12:59.360613 7ff3ba48f380  Options.sst_partitioner_factory: None
2025/05/20-02:12:59.360613 7ff3ba48f380         Options.memtable_factory: SkipListFactory
2025/05/20-02:12:59.360614 7ff3ba48f380            Options.table_factory: BlockBasedTable
2025/05/20-02:12:59.360635 7ff3ba48f380            table_factory options:   flush_block_policy_factory: FlushBlockBySizePolicyFactory (0x1c18acf0)
  cache_index_and_filter_blocks: 0
  cache_index_and_filter_blocks_with_high_priority: 1
  pin_l0_filter_and_index_blocks_in_cache: 0
  pin_top_level_index_and_filter: 1
  index_type: 0
  data_block_index_type: 0
  index_shortening: 1
  data_block_hash_table_util_ratio: 0.750000
  hash_index_allow_collision: 1
  checksum: 1
  no_block_cache: 0
  block_cache: 0x1c173f70
  block_cache_name: LRUCache
  block_cache_options:
    capacity : 1073741824
    num_shard_bits : 6
    strict_capacity_limit : 0
    memory_allocator : None
    high_pri_pool_ratio: 0.500
  block_cache_compressed: (nil)
  persistent_cache: (nil)
  block_size: 4096
  block_size_deviation: 10
  block_restart_interval: 16
  index_block_restart_interval: 1
  metadata_block_size: 4096
  partition_filters: 0
  use_delta_encoding: 1
  filter_policy: nullptr
  whole_key_filtering: 1
  verify_compression: 0
  read_amp_bytes_per_bit: 0
  format_version: 4
  enable_index_compression: 1
  block_align: 0
2025/05/20-02:12:59.360639 7ff3ba48f380        Options.write_buffer_size: 67108864
2025/05/20-02:12:59.360640 7ff3ba48f380  Options.max_write_buffer_number: 2
2025/05/20-02:12:59.360641 7ff3ba48f380          Options.compression: NoCompression
2025/05/20-02:12:59.360642 7ff3ba48f380                  Options.bottommost_compression: Disabled
2025/05/20-02:12:59.360643 7ff3ba48f380       Options.prefix_extractor: nullptr
2025/05/20-02:12:59.360643 7ff3ba48f380   Options.memtable_insert_with_hint_prefix_extractor: nullptr
2025/05/20-02:12:59.360644 7ff3ba48f380             Options.num_levels: 7
2025/05/20-02:12:59.360644 7ff3ba48f380        Options.min_write_buffer_number_to_merge: 1
2025/05/20-02:12:59.360645 7ff3ba48f380     Options.max_write_buffer_number_to_maintain: 0
2025/05/20-02:12:59.360646 7ff3ba48f380     Options.max_write_buffer_size_to_maintain: 0
2025/05/20-02:12:59.360646 7ff3ba48f380            Options.bottommost_compression_opts.window_bits: -14
2025/05/20-02:12:59.360647 7ff3ba48f380                  Options.bottommost_compression_opts.level: 32767
2025/05/20-02:12:59.360648 7ff3ba48f380               Options.bottommost_compression_opts.strategy: 0
2025/05/20-02:12:59.360648 7ff3ba48f380         Options.bottommost_compression_opts.max_dict_bytes: 0
2025/05/20-02:12:59.360649 7ff3ba48f380         Options.bottommost_compression_opts.zstd_max_train_bytes: 0
2025/05/20-02:12:59.360881 7ff3ba48f380         Options.bottommost_compression_opts.parallel_threads: 1
2025/05/20-02:12:59.360889 7ff3ba48f380                  Options.bottommost_compression_opts.enabled: false
2025/05/20-02:12:59.360891 7ff3ba48f380            Options.compression_opts.window_bits: -14
2025/05/20-02:12:59.360892 7ff3ba48f380                  Options.compression_opts.level: 32767
2025/05/20-02:12:59.360894 7ff3ba48f380               Options.compression_opts.strategy: 0
2025/05/20-02:12:59.360895 7ff3ba48f380         Options.compression_opts.max_dict_bytes: 0
2025/05/20-02:12:59.360896 7ff3ba48f380         Options.compression_opts.zstd_max_train_bytes: 0
2025/05/20-02:12:59.360897 7ff3ba48f380         Options.compression_opts.parallel_threads: 1
2025/05/20-02:12:59.360898 7ff3ba48f380                  Options.compression_opts.enabled: false
2025/05/20-02:12:59.360900 7ff3ba48f380      Options.level0_file_num_compaction_trigger: 4
2025/05/20-02:12:59.360901 7ff3ba48f380          Options.level0_slowdown_writes_trigger: 20
2025/05/20-02:12:59.360902 7ff3ba48f380              Options.level0_stop_writes_trigger: 36
2025/05/20-02:12:59.360903 7ff3ba48f380                   Options.target_file_size_base: 67108864
2025/05/20-02:12:59.360904 7ff3ba48f380             Options.target_file_size_multiplier: 1
2025/05/20-02:12:59.360905 7ff3ba48f380                Options.max_bytes_for_level_base: 268435456
2025/05/20-02:12:59.360906 7ff3ba48f380 Options.level_compaction_dynamic_level_bytes: 0
2025/05/20-02:12:59.360907 7ff3ba48f380          Options.max_bytes_for_level_multiplier: 10.000000
2025/05/20-02:12:59.360912 7ff3ba48f380 Options.max_bytes_for_level_multiplier_addtl[0]: 1
2025/05/20-02:12:59.360913 7ff3ba48f380 Options.max_bytes_for_level_multiplier_addtl[1]: 1
2025/05/20-02:12:59.360914 7ff3ba48f380 Options.max_bytes_for_level_multiplier_addtl[2]: 1
2025/05/20-02:12:59.360915 7ff3ba48f380 Options.max_bytes_for_level_multiplier_addtl[3]: 1
2025/05/20-02:12:59.360916 7ff3ba48f380 Options.max_bytes_for_level_multiplier_addtl[4]: 1
2025/05/20-02:12:59.360917 7ff3ba48f380 Options.max_bytes_for_level_multiplier_addtl[5]: 1
2025/05/20-02:12:59.360919 7ff3ba48f380 Options.max_bytes_for_level_multiplier_addtl[6]: 1
2025/05/20-02:12:59.360920 7ff3ba48f380       Options.max_sequential_skip_in_iterations: 8
2025/05/20-02:12:59.360921 7ff3ba48f380                    Options.max_compaction_bytes: 1677721600
2025/05/20-02:12:59.360922 7ff3ba48f380                        Options.arena_block_size: 8388608
2025/05/20-02:12:59.360923 7ff3ba48f380   Options.soft_pending_compaction_bytes_limit: 68719476736
2025/05/20-02:12:59.360924 7ff3ba48f380   Options.hard_pending_compaction_bytes_limit: 274877906944
2025/05/20-02:12:59.360925 7ff3ba48f380       Options.rate_limit_delay_max_milliseconds: 100
2025/05/20-02:12:59.360926 7ff3ba48f380                Options.disable_auto_compactions: 0
2025/05/20-02:12:59.360931 7ff3ba48f380                        Options.compaction_style: kCompactionStyleLevel
2025/05/20-02:12:59.360932 7ff3ba48f380                          Options.compaction_pri: kMinOverlappingRatio
2025/05/20-02:12:59.360933 7ff3ba48f380 Options.compaction_options_universal.size_ratio: 1
2025/05/20-02:12:59.360934 7ff3ba48f380 Options.compaction_options_universal.min_merge_width: 2
2025/05/20-02:12:59.360935 7ff3ba48f380 Options.compaction_options_universal.max_merge_width: 4294967295
2025/05/20-02:12:59.360936 7ff3ba48f380 Options.compaction_options_universal.max_size_amplification_percent: 200
2025/05/20-02:12:59.360938 7ff3ba48f380 Options.compaction_options_universal.compression_size_percent: -1
2025/05/20-02:12:59.360939 7ff3ba48f380 Options.compaction_options_universal.stop_style: kCompactionStopStyleTotalSize
2025/05/20-02:12:59.360940 7ff3ba48f380 Options.compaction_options_fifo.max_table_files_size: 1073741824
2025/05/20-02:12:59.360941 7ff3ba48f380 Options.compaction_options_fifo.allow_compaction: 0
2025/05/20-02:12:59.360948 7ff3ba48f380                   Options.table_properties_collectors: 
2025/05/20-02:12:59.361255 7ff3ba48f380                   Options.inplace_update_support: 0
2025/05/20-02:12:59.361263 7ff3ba48f380                 Options.inplace_update_num_locks: 10000
2025/05/20-02:12:59.361265 7ff3ba48f380               Options.memtable_prefix_bloom_size_ratio: 0.000000
2025/05/20-02:12:59.361268 7ff3ba48f380               Options.memtable_whole_key_filtering: 0
2025/05/20-02:12:59.361269 7ff3ba48f380   Options.memtable_huge_page_size: 0
2025/05/20-02:12:59.361271 7ff3ba48f380                           Options.bloom_locality: 0
2025/05/20-02:12:59.361272 7ff3ba48f380                    Options.max_successive_merges: 0
2025/05/20-02:12:59.361273 7ff3ba48f380                Options.optimize_filters_for_hits: 0
2025/05/20-02:12:59.361274 7ff3ba48f380                Options.paranoid_file_checks: 0
2025/05/20-02:12:59.361275 7ff3ba48f380                Options.force_consistency_checks: 1
2025/05/20-02:12:59.361276 7ff3ba48f380                Options.report_bg_io_stats: 0
2025/05/20-02:12:59.361277 7ff3ba48f380                               Options.ttl: 2592000
2025/05/20-02:12:59.361278 7ff3ba48f380          Options.periodic_compaction_seconds: 0
2025/05/20-02:12:59.361279 7ff3ba48f380                    Options.enable_blob_files: false
2025/05/20-02:12:59.361280 7ff3ba48f380                        Options.min_blob_size: 0
2025/05/20-02:12:59.361282 7ff3ba48f380                       Options.blob_file_size: 268435456
2025/05/20-02:12:59.361283 7ff3ba48f380                Options.blob_compression_type: NoCompression
2025/05/20-02:12:59.361284 7ff3ba48f380       Options.enable_blob_garbage_collection: false
2025/05/20-02:12:59.361285 7ff3ba48f380   Options.blob_garbage_collection_age_cutoff: 0.250000
2025/05/20-02:12:59.381452 7ff3ba48f380 [db/version_set.cc:4773] Recovered from manifest file:/var/lib/milvus/rdb_data/MANIFEST-000076 succeeded,manifest_file_number is 76, next_file_number is 81, last_sequence is 282498, log_number is 71,prev_log_number is 0,max_column_family is 0,min_log_number_to_keep is 0
2025/05/20-02:12:59.381464 7ff3ba48f380 [db/version_set.cc:4782] Column family [default] (ID 0), log number is 71
2025/05/20-02:12:59.387372 7ff3ba48f380 [db/version_set.cc:4083] Creating manifest 81
2025/05/20-02:12:59.409933 7ff3ba48f380 EVENT_LOG_v1 {"time_micros": 1747707179409928, "job": 1, "event": "recovery_started", "wal_files": [77]}
2025/05/20-02:12:59.409938 7ff3ba48f380 [db/db_impl/db_impl_open.cc:847] Recovering log #77 mode 2
2025/05/20-02:12:59.421923 7ff3ba48f380 EVENT_LOG_v1 {"time_micros": 1747707179421890, "cf_name": "default", "job": 1, "event": "table_file_creation", "file_number": 82, "file_size": 55460, "file_checksum": "", "file_checksum_func_name": "Unknown", "table_properties": {"data_size": 53829, "index_size": 773, "index_partitions": 0, "top_level_index_size": 0, "index_key_is_user_key": 1, "index_value_is_delta_encoded": 1, "filter_size": 0, "raw_key_size": 86944, "raw_average_key_size": 52, "raw_value_size": 28424, "raw_average_value_size": 17, "num_data_blocks": 14, "num_entries": 1672, "num_deletions": 0, "num_merge_operands": 0, "num_range_deletions": 0, "format_version": 0, "fixed_key_len": 0, "filter_policy": "", "column_family_name": "default", "column_family_id": 0, "comparator": "leveldb.BytewiseComparator", "merge_operator": "nullptr", "prefix_extractor_name": "nullptr", "property_collectors": "[]", "compression": "NoCompression", "compression_options": "window_bits=-14; level=32767; strategy=0; max_dict_bytes=0; zstd_max_train_bytes=0; enabled=0; ", "creation_time": 1747707179, "oldest_key_time": 0, "file_creation_time": 0, "db_id": "7239e729-d087-4d68-9d18-1acf9c9aa046", "db_session_id": "596TCXYQH1Y0KQJ0UVHA"}}
2025/05/20-02:12:59.422252 7ff3ba48f380 [db/version_set.cc:4083] Creating manifest 83
2025/05/20-02:12:59.438986 7ff3ba48f380 EVENT_LOG_v1 {"time_micros": 1747707179438982, "job": 1, "event": "recovery_finished"}
2025/05/20-02:12:59.448337 7ff3ba48f380 [file/delete_scheduler.cc:73] Deleted file /var/lib/milvus/rdb_data/000077.log immediately, rate_bytes_per_sec 0, total_trash_size 0 max_trash_db_ratio 0.250000
2025/05/20-02:12:59.464848 7ff3ba48f380 [db/db_impl/db_impl_open.cc:1701] SstFileManager instance 0x1c260190
2025/05/20-02:12:59.466806 7ff37dffb700 (Original Log Time 2025/05/20-02:12:59.464895) [db/db_impl/db_impl_compaction_flush.cc:2888] [default] Moving #82 to level-1 55460 bytes
2025/05/20-02:12:59.466812 7ff37dffb700 (Original Log Time 2025/05/20-02:12:59.466719) EVENT_LOG_v1 {"time_micros": 1747707179466713, "job": 3, "event": "trivial_move", "destination_level": 1, "files": 1, "total_files_size": 55460}
2025/05/20-02:12:59.466814 7ff37dffb700 (Original Log Time 2025/05/20-02:12:59.466730) [db/db_impl/db_impl_compaction_flush.cc:2918] [default] Moved #1 files to level-1 55460 bytes OK: files[3 9 0 0 0 0 0] max score 0.75
2025/05/20-02:12:59.467094 7ff3ba48f380 DB pointer 0x1c191120
2025/05/20-02:13:02.467552 7ff3307f8700 [db/db_impl/db_impl.cc:902] ------- DUMPING STATS -------
2025/05/20-02:13:02.467577 7ff3307f8700 [db/db_impl/db_impl.cc:903] 
** DB Stats **
Uptime(secs): 3.1 total, 3.1 interval
Cumulative writes: 10 writes, 10 keys, 10 commit groups, 0.9 writes per commit group, ingest: 0.00 GB, 0.00 MB/s
Cumulative WAL: 10 writes, 0 syncs, 10.00 writes per sync, written: 0.00 GB, 0.00 MB/s
Cumulative stall: 00:00:0.000 H:M:S, 0.0 percent
Interval writes: 10 writes, 10 keys, 10 commit groups, 0.9 writes per commit group, ingest: 0.00 MB, 0.00 MB/s
Interval WAL: 10 writes, 0 syncs, 10.00 writes per sync, written: 0.00 MB, 0.00 MB/s
Interval stall: 00:00:0.000 H:M:S, 0.0 percent

** Compaction Stats [default] **
Level    Files   Size     Score Read(GB)  Rn(GB) Rnp1(GB) Write(GB) Wnew(GB) Moved(GB) W-Amp Rd(MB/s) Wr(MB/s) Comp(sec) CompMergeCPU(sec) Comp(cnt) Avg(sec) KeyIn KeyDrop
----------------------------------------------------------------------------------------------------------------------------------------------------------------------------
  L0      3/0   131.76 KB   0.8      0.0     0.0      0.0       0.0      0.0       0.0   1.0      0.0      6.4      0.01              0.00         1    0.008       0      0
  L1      9/0    8.72 MB   0.0      0.0     0.0      0.0       0.0      0.0       0.0   0.0      0.0      0.0      0.00              0.00         0    0.000       0      0
 Sum     12/0    8.85 MB   0.0      0.0     0.0      0.0       0.0      0.0       0.0   1.0      0.0      6.4      0.01              0.00         1    0.008       0      0
 Int      0/0    0.00 KB   0.0      0.0     0.0      0.0       0.0      0.0       0.0   1.0      0.0      6.4      0.01              0.00         1    0.008       0      0

** Compaction Stats [default] **
Priority    Files   Size     Score Read(GB)  Rn(GB) Rnp1(GB) Write(GB) Wnew(GB) Moved(GB) W-Amp Rd(MB/s) Wr(MB/s) Comp(sec) CompMergeCPU(sec) Comp(cnt) Avg(sec) KeyIn KeyDrop
-------------------------------------------------------------------------------------------------------------------------------------------------------------------------------
User      0/0    0.00 KB   0.0      0.0     0.0      0.0       0.0      0.0       0.0   0.0      0.0      6.4      0.01              0.00         1    0.008       0      0
Uptime(secs): 3.1 total, 3.1 interval
Flush(GB): cumulative 0.000, interval 0.000
AddFile(GB): cumulative 0.000, interval 0.000
AddFile(Total Files): cumulative 0, interval 0
AddFile(L0 Files): cumulative 0, interval 0
AddFile(Keys): cumulative 0, interval 0
Cumulative compaction: 0.00 GB write, 0.02 MB/s write, 0.00 GB read, 0.00 MB/s read, 0.0 seconds
Interval compaction: 0.00 GB write, 0.02 MB/s write, 0.00 GB read, 0.00 MB/s read, 0.0 seconds
Stalls(count): 0 level0_slowdown, 0 level0_slowdown_with_compaction, 0 level0_numfiles, 0 level0_numfiles_with_compaction, 0 stop for pending_compaction_bytes, 0 slowdown for pending_compaction_bytes, 0 memtable_compaction, 0 memtable_slowdown, interval 0 total count

** File Read Latency Histogram By Level [default] **

** Compaction Stats [default] **
Level    Files   Size     Score Read(GB)  Rn(GB) Rnp1(GB) Write(GB) Wnew(GB) Moved(GB) W-Amp Rd(MB/s) Wr(MB/s) Comp(sec) CompMergeCPU(sec) Comp(cnt) Avg(sec) KeyIn KeyDrop
----------------------------------------------------------------------------------------------------------------------------------------------------------------------------
  L0      3/0   131.76 KB   0.8      0.0     0.0      0.0       0.0      0.0       0.0   1.0      0.0      6.4      0.01              0.00         1    0.008       0      0
  L1      9/0    8.72 MB   0.0      0.0     0.0      0.0       0.0      0.0       0.0   0.0      0.0      0.0      0.00              0.00         0    0.000       0      0
 Sum     12/0    8.85 MB   0.0      0.0     0.0      0.0       0.0      0.0       0.0   1.0      0.0      6.4      0.01              0.00         1    0.008       0      0
 Int      0/0    0.00 KB   0.0      0.0     0.0      0.0       0.0      0.0       0.0   0.0      0.0      0.0      0.00              0.00         0    0.000       0      0

** Compaction Stats [default] **
Priority    Files   Size     Score Read(GB)  Rn(GB) Rnp1(GB) Write(GB) Wnew(GB) Moved(GB) W-Amp Rd(MB/s) Wr(MB/s) Comp(sec) CompMergeCPU(sec) Comp(cnt) Avg(sec) KeyIn KeyDrop
-------------------------------------------------------------------------------------------------------------------------------------------------------------------------------
User      0/0    0.00 KB   0.0      0.0     0.0      0.0       0.0      0.0       0.0   0.0      0.0      6.4      0.01              0.00         1    0.008       0      0
Uptime(secs): 3.1 total, 0.0 interval
Flush(GB): cumulative 0.000, interval 0.000
AddFile(GB): cumulative 0.000, interval 0.000
AddFile(Total Files): cumulative 0, interval 0
AddFile(L0 Files): cumulative 0, interval 0
AddFile(Keys): cumulative 0, interval 0
Cumulative compaction: 0.00 GB write, 0.02 MB/s write, 0.00 GB read, 0.00 MB/s read, 0.0 seconds
Interval compaction: 0.00 GB write, 0.00 MB/s write, 0.00 GB read, 0.00 MB/s read, 0.0 seconds
Stalls(count): 0 level0_slowdown, 0 level0_slowdown_with_compaction, 0 level0_numfiles, 0 level0_numfiles_with_compaction, 0 stop for pending_compaction_bytes, 0 slowdown for pending_compaction_bytes, 0 memtable_compaction, 0 memtable_slowdown, interval 0 total count

** File Read Latency Histogram By Level [default] **
2025/05/20-02:23:02.468312 7ff3307f8700 [db/db_impl/db_impl.cc:902] ------- DUMPING STATS -------
2025/05/20-02:23:02.468769 7ff3307f8700 [db/db_impl/db_impl.cc:903] 
** DB Stats **
Uptime(secs): 603.1 total, 600.0 interval
Cumulative writes: 2811 writes, 2811 keys, 2811 commit groups, 1.0 writes per commit group, ingest: 0.00 GB, 0.00 MB/s
Cumulative WAL: 2811 writes, 0 syncs, 2811.00 writes per sync, written: 0.00 GB, 0.00 MB/s
Cumulative stall: 00:00:0.000 H:M:S, 0.0 percent
Interval writes: 2801 writes, 2801 keys, 2801 commit groups, 1.0 writes per commit group, ingest: 0.20 MB, 0.00 MB/s
Interval WAL: 2801 writes, 0 syncs, 2801.00 writes per sync, written: 0.00 MB, 0.00 MB/s
Interval stall: 00:00:0.000 H:M:S, 0.0 percent

** Compaction Stats [default] **
Level    Files   Size     Score Read(GB)  Rn(GB) Rnp1(GB) Write(GB) Wnew(GB) Moved(GB) W-Amp Rd(MB/s) Wr(MB/s) Comp(sec) CompMergeCPU(sec) Comp(cnt) Avg(sec) KeyIn KeyDrop
----------------------------------------------------------------------------------------------------------------------------------------------------------------------------
  L0      3/0   131.76 KB   0.8      0.0     0.0      0.0       0.0      0.0       0.0   1.0      0.0      6.4      0.01              0.00         1    0.008       0      0
  L1      9/0    8.72 MB   0.0      0.0     0.0      0.0       0.0      0.0       0.0   0.0      0.0      0.0      0.00              0.00         0    0.000       0      0
 Sum     12/0    8.85 MB   0.0      0.0     0.0      0.0       0.0      0.0       0.0   1.0      0.0      6.4      0.01              0.00         1    0.008       0      0
 Int      0/0    0.00 KB   0.0      0.0     0.0      0.0       0.0      0.0       0.0   0.0      0.0      0.0      0.00              0.00         0    0.000       0      0

** Compaction Stats [default] **
Priority    Files   Size     Score Read(GB)  Rn(GB) Rnp1(GB) Write(GB) Wnew(GB) Moved(GB) W-Amp Rd(MB/s) Wr(MB/s) Comp(sec) CompMergeCPU(sec) Comp(cnt) Avg(sec) KeyIn KeyDrop
-------------------------------------------------------------------------------------------------------------------------------------------------------------------------------
User      0/0    0.00 KB   0.0      0.0     0.0      0.0       0.0      0.0       0.0   0.0      0.0      6.4      0.01              0.00         1    0.008       0      0
Uptime(secs): 603.1 total, 600.0 interval
Flush(GB): cumulative 0.000, interval 0.000
AddFile(GB): cumulative 0.000, interval 0.000
AddFile(Total Files): cumulative 0, interval 0
AddFile(L0 Files): cumulative 0, interval 0
AddFile(Keys): cumulative 0, interval 0
Cumulative compaction: 0.00 GB write, 0.00 MB/s write, 0.00 GB read, 0.00 MB/s read, 0.0 seconds
Interval compaction: 0.00 GB write, 0.00 MB/s write, 0.00 GB read, 0.00 MB/s read, 0.0 seconds
Stalls(count): 0 level0_slowdown, 0 level0_slowdown_with_compaction, 0 level0_numfiles, 0 level0_numfiles_with_compaction, 0 stop for pending_compaction_bytes, 0 slowdown for pending_compaction_bytes, 0 memtable_compaction, 0 memtable_slowdown, interval 0 total count

** File Read Latency Histogram By Level [default] **

** Compaction Stats [default] **
Level    Files   Size     Score Read(GB)  Rn(GB) Rnp1(GB) Write(GB) Wnew(GB) Moved(GB) W-Amp Rd(MB/s) Wr(MB/s) Comp(sec) CompMergeCPU(sec) Comp(cnt) Avg(sec) KeyIn KeyDrop
----------------------------------------------------------------------------------------------------------------------------------------------------------------------------
  L0      3/0   131.76 KB   0.8      0.0     0.0      0.0       0.0      0.0       0.0   1.0      0.0      6.4      0.01              0.00         1    0.008       0      0
  L1      9/0    8.72 MB   0.0      0.0     0.0      0.0       0.0      0.0       0.0   0.0      0.0      0.0      0.00              0.00         0    0.000       0      0
 Sum     12/0    8.85 MB   0.0      0.0     0.0      0.0       0.0      0.0       0.0   1.0      0.0      6.4      0.01              0.00         1    0.008       0      0
 Int      0/0    0.00 KB   0.0      0.0     0.0      0.0       0.0      0.0       0.0   0.0      0.0      0.0      0.00              0.00         0    0.000       0      0

** Compaction Stats [default] **
Priority    Files   Size     Score Read(GB)  Rn(GB) Rnp1(GB) Write(GB) Wnew(GB) Moved(GB) W-Amp Rd(MB/s) Wr(MB/s) Comp(sec) CompMergeCPU(sec) Comp(cnt) Avg(sec) KeyIn KeyDrop
-------------------------------------------------------------------------------------------------------------------------------------------------------------------------------
User      0/0    0.00 KB   0.0      0.0     0.0      0.0       0.0      0.0       0.0   0.0      0.0      6.4      0.01              0.00         1    0.008       0      0
Uptime(secs): 603.1 total, 0.0 interval
Flush(GB): cumulative 0.000, interval 0.000
AddFile(GB): cumulative 0.000, interval 0.000
AddFile(Total Files): cumulative 0, interval 0
AddFile(L0 Files): cumulative 0, interval 0
AddFile(Keys): cumulative 0, interval 0
Cumulative compaction: 0.00 GB write, 0.00 MB/s write, 0.00 GB read, 0.00 MB/s read, 0.0 seconds
Interval compaction: 0.00 GB write, 0.00 MB/s write, 0.00 GB read, 0.00 MB/s read, 0.0 seconds
Stalls(count): 0 level0_slowdown, 0 level0_slowdown_with_compaction, 0 level0_numfiles, 0 level0_numfiles_with_compaction, 0 stop for pending_compaction_bytes, 0 slowdown for pending_compaction_bytes, 0 memtable_compaction, 0 memtable_slowdown, interval 0 total count

** File Read Latency Histogram By Level [default] **
