2025/05/20-02:12:59.228183 7ff3ba48f380 RocksDB version: 6.15.2
2025/05/20-02:12:59.228883 7ff3ba48f380 Git sha rocksdb_build_git_sha:@0@
2025/05/20-02:12:59.228889 7ff3ba48f380 Compile date Jan 25 2022
2025/05/20-02:12:59.228982 7ff3ba48f380 DB SUMMARY
2025/05/20-02:12:59.228984 7ff3ba48f380 DB Session ID:  NNNH8867UPMLXQAVVVUX
2025/05/20-02:12:59.231746 7ff3ba48f380 CURRENT file:  CURRENT
2025/05/20-02:12:59.231751 7ff3ba48f380 IDENTITY file:  IDENTITY
2025/05/20-02:12:59.232718 7ff3ba48f380 MANIFEST file:  MANIFEST-000073 size: 469 Bytes
2025/05/20-02:12:59.232726 7ff3ba48f380 SST files in /var/lib/milvus/rdb_data_meta_kv dir, Total Num: 4, files: 000057.sst 000060.sst 000066.sst 000072.sst 
2025/05/20-02:12:59.232727 7ff3ba48f380 Write Ahead Log file in /var/lib/milvus/rdb_data_meta_kv: 000074.log size: 112081 ; 
2025/05/20-02:12:59.232729 7ff3ba48f380                         Options.error_if_exists: 0
2025/05/20-02:12:59.232730 7ff3ba48f380                       Options.create_if_missing: 1
2025/05/20-02:12:59.232731 7ff3ba48f380                         Options.paranoid_checks: 1
2025/05/20-02:12:59.232732 7ff3ba48f380                               Options.track_and_verify_wals_in_manifest: 0
2025/05/20-02:12:59.232732 7ff3ba48f380                                     Options.env: 0x46f9060
2025/05/20-02:12:59.232733 7ff3ba48f380                                      Options.fs: Posix File System
2025/05/20-02:12:59.232734 7ff3ba48f380                                Options.info_log: 0x1c173cb0
2025/05/20-02:12:59.232735 7ff3ba48f380                Options.max_file_opening_threads: 16
2025/05/20-02:12:59.232736 7ff3ba48f380                              Options.statistics: (nil)
2025/05/20-02:12:59.232736 7ff3ba48f380                               Options.use_fsync: 0
2025/05/20-02:12:59.232737 7ff3ba48f380                       Options.max_log_file_size: 0
2025/05/20-02:12:59.232738 7ff3ba48f380                  Options.max_manifest_file_size: 1073741824
2025/05/20-02:12:59.232738 7ff3ba48f380                   Options.log_file_time_to_roll: 0
2025/05/20-02:12:59.232739 7ff3ba48f380                       Options.keep_log_file_num: 1000
2025/05/20-02:12:59.232740 7ff3ba48f380                    Options.recycle_log_file_num: 0
2025/05/20-02:12:59.232740 7ff3ba48f380                         Options.allow_fallocate: 1
2025/05/20-02:12:59.232741 7ff3ba48f380                        Options.allow_mmap_reads: 0
2025/05/20-02:12:59.232741 7ff3ba48f380                       Options.allow_mmap_writes: 0
2025/05/20-02:12:59.232742 7ff3ba48f380                        Options.use_direct_reads: 0
2025/05/20-02:12:59.232742 7ff3ba48f380                        Options.use_direct_io_for_flush_and_compaction: 0
2025/05/20-02:12:59.232743 7ff3ba48f380          Options.create_missing_column_families: 0
2025/05/20-02:12:59.232744 7ff3ba48f380                              Options.db_log_dir: 
2025/05/20-02:12:59.232744 7ff3ba48f380                                 Options.wal_dir: /var/lib/milvus/rdb_data_meta_kv
2025/05/20-02:12:59.232745 7ff3ba48f380                Options.table_cache_numshardbits: 6
2025/05/20-02:12:59.232745 7ff3ba48f380                         Options.WAL_ttl_seconds: 0
2025/05/20-02:12:59.232746 7ff3ba48f380                       Options.WAL_size_limit_MB: 0
2025/05/20-02:12:59.232747 7ff3ba48f380                        Options.max_write_batch_group_size_bytes: 1048576
2025/05/20-02:12:59.232747 7ff3ba48f380             Options.manifest_preallocation_size: 4194304
2025/05/20-02:12:59.232748 7ff3ba48f380                     Options.is_fd_close_on_exec: 1
2025/05/20-02:12:59.232749 7ff3ba48f380                   Options.advise_random_on_open: 1
2025/05/20-02:12:59.232749 7ff3ba48f380                    Options.db_write_buffer_size: 0
2025/05/20-02:12:59.232750 7ff3ba48f380                    Options.write_buffer_manager: 0x1c17c1c0
2025/05/20-02:12:59.232750 7ff3ba48f380         Options.access_hint_on_compaction_start: 1
2025/05/20-02:12:59.232751 7ff3ba48f380  Options.new_table_reader_for_compaction_inputs: 0
2025/05/20-02:12:59.232752 7ff3ba48f380           Options.random_access_max_buffer_size: 1048576
2025/05/20-02:12:59.233269 7ff3ba48f380                      Options.use_adaptive_mutex: 0
2025/05/20-02:12:59.233274 7ff3ba48f380                            Options.rate_limiter: (nil)
2025/05/20-02:12:59.233277 7ff3ba48f380     Options.sst_file_manager.rate_bytes_per_sec: 0
2025/05/20-02:12:59.233278 7ff3ba48f380                       Options.wal_recovery_mode: 2
2025/05/20-02:12:59.233279 7ff3ba48f380                  Options.enable_thread_tracking: 0
2025/05/20-02:12:59.233280 7ff3ba48f380                  Options.enable_pipelined_write: 0
2025/05/20-02:12:59.233281 7ff3ba48f380                  Options.unordered_write: 0
2025/05/20-02:12:59.233282 7ff3ba48f380         Options.allow_concurrent_memtable_write: 1
2025/05/20-02:12:59.233283 7ff3ba48f380      Options.enable_write_thread_adaptive_yield: 1
2025/05/20-02:12:59.233284 7ff3ba48f380             Options.write_thread_max_yield_usec: 100
2025/05/20-02:12:59.233285 7ff3ba48f380            Options.write_thread_slow_yield_usec: 3
2025/05/20-02:12:59.233286 7ff3ba48f380                               Options.row_cache: None
2025/05/20-02:12:59.233287 7ff3ba48f380                              Options.wal_filter: None
2025/05/20-02:12:59.233288 7ff3ba48f380             Options.avoid_flush_during_recovery: 0
2025/05/20-02:12:59.233289 7ff3ba48f380             Options.allow_ingest_behind: 0
2025/05/20-02:12:59.233290 7ff3ba48f380             Options.preserve_deletes: 0
2025/05/20-02:12:59.233290 7ff3ba48f380             Options.two_write_queues: 0
2025/05/20-02:12:59.233291 7ff3ba48f380             Options.manual_wal_flush: 0
2025/05/20-02:12:59.233292 7ff3ba48f380             Options.atomic_flush: 0
2025/05/20-02:12:59.233293 7ff3ba48f380             Options.avoid_unnecessary_blocking_io: 0
2025/05/20-02:12:59.233294 7ff3ba48f380                 Options.persist_stats_to_disk: 0
2025/05/20-02:12:59.233295 7ff3ba48f380                 Options.write_dbid_to_manifest: 0
2025/05/20-02:12:59.233296 7ff3ba48f380                 Options.log_readahead_size: 0
2025/05/20-02:12:59.233297 7ff3ba48f380                 Options.file_checksum_gen_factory: Unknown
2025/05/20-02:12:59.233298 7ff3ba48f380                 Options.best_efforts_recovery: 0
2025/05/20-02:12:59.233299 7ff3ba48f380                Options.max_bgerror_resume_count: 2147483647
2025/05/20-02:12:59.233300 7ff3ba48f380            Options.bgerror_resume_retry_interval: 1000000
2025/05/20-02:12:59.233300 7ff3ba48f380             Options.allow_data_in_errors: 0
2025/05/20-02:12:59.233301 7ff3ba48f380             Options.db_host_id: __hostname__
2025/05/20-02:12:59.233302 7ff3ba48f380             Options.max_background_jobs: 2
2025/05/20-02:12:59.233303 7ff3ba48f380             Options.max_background_compactions: -1
2025/05/20-02:12:59.233304 7ff3ba48f380             Options.max_subcompactions: 1
2025/05/20-02:12:59.233305 7ff3ba48f380             Options.avoid_flush_during_shutdown: 0
2025/05/20-02:12:59.233306 7ff3ba48f380           Options.writable_file_max_buffer_size: 1048576
2025/05/20-02:12:59.233307 7ff3ba48f380             Options.delayed_write_rate : 16777216
2025/05/20-02:12:59.233308 7ff3ba48f380             Options.max_total_wal_size: 0
2025/05/20-02:12:59.233309 7ff3ba48f380             Options.delete_obsolete_files_period_micros: 21600000000
2025/05/20-02:12:59.233310 7ff3ba48f380                   Options.stats_dump_period_sec: 600
2025/05/20-02:12:59.233311 7ff3ba48f380                 Options.stats_persist_period_sec: 600
2025/05/20-02:12:59.233312 7ff3ba48f380                 Options.stats_history_buffer_size: 1048576
2025/05/20-02:12:59.233313 7ff3ba48f380                          Options.max_open_files: -1
2025/05/20-02:12:59.233314 7ff3ba48f380                          Options.bytes_per_sync: 0
2025/05/20-02:12:59.233315 7ff3ba48f380                      Options.wal_bytes_per_sync: 0
2025/05/20-02:12:59.233316 7ff3ba48f380                   Options.strict_bytes_per_sync: 0
2025/05/20-02:12:59.233317 7ff3ba48f380       Options.compaction_readahead_size: 0
2025/05/20-02:12:59.233318 7ff3ba48f380                  Options.max_background_flushes: 1
2025/05/20-02:12:59.233614 7ff3ba48f380 Compression algorithms supported:
2025/05/20-02:12:59.233618 7ff3ba48f380 	kZSTDNotFinalCompression supported: 0
2025/05/20-02:12:59.233620 7ff3ba48f380 	kZSTD supported: 0
2025/05/20-02:12:59.233621 7ff3ba48f380 	kXpressCompression supported: 0
2025/05/20-02:12:59.233622 7ff3ba48f380 	kLZ4HCCompression supported: 0
2025/05/20-02:12:59.233622 7ff3ba48f380 	kLZ4Compression supported: 0
2025/05/20-02:12:59.233623 7ff3ba48f380 	kBZip2Compression supported: 0
2025/05/20-02:12:59.233624 7ff3ba48f380 	kZlibCompression supported: 0
2025/05/20-02:12:59.233625 7ff3ba48f380 	kSnappyCompression supported: 0
2025/05/20-02:12:59.233629 7ff3ba48f380 Fast CRC32 supported: Supported on x86
2025/05/20-02:12:59.240770 7ff3ba48f380 [db/version_set.cc:4725] Recovering from manifest file: /var/lib/milvus/rdb_data_meta_kv/MANIFEST-000073
2025/05/20-02:12:59.242854 7ff3ba48f380 [db/column_family.cc:597] --------------- Options for column family [default]:
2025/05/20-02:12:59.242869 7ff3ba48f380               Options.comparator: leveldb.BytewiseComparator
2025/05/20-02:12:59.242871 7ff3ba48f380           Options.merge_operator: None
2025/05/20-02:12:59.242872 7ff3ba48f380        Options.compaction_filter: None
2025/05/20-02:12:59.242872 7ff3ba48f380        Options.compaction_filter_factory: None
2025/05/20-02:12:59.242873 7ff3ba48f380  Options.sst_partitioner_factory: None
2025/05/20-02:12:59.242874 7ff3ba48f380         Options.memtable_factory: SkipListFactory
2025/05/20-02:12:59.242874 7ff3ba48f380            Options.table_factory: BlockBasedTable
2025/05/20-02:12:59.242928 7ff3ba48f380            table_factory options:   flush_block_policy_factory: FlushBlockBySizePolicyFactory (0x1c17d410)
  cache_index_and_filter_blocks: 0
  cache_index_and_filter_blocks_with_high_priority: 1
  pin_l0_filter_and_index_blocks_in_cache: 0
  pin_top_level_index_and_filter: 1
  index_type: 0
  data_block_index_type: 0
  index_shortening: 1
  data_block_hash_table_util_ratio: 0.750000
  hash_index_allow_collision: 1
  checksum: 1
  no_block_cache: 0
  block_cache: 0x1c173f70
  block_cache_name: LRUCache
  block_cache_options:
    capacity : 1073741824
    num_shard_bits : 6
    strict_capacity_limit : 0
    memory_allocator : None
    high_pri_pool_ratio: 0.500
  block_cache_compressed: (nil)
  persistent_cache: (nil)
  block_size: 4096
  block_size_deviation: 10
  block_restart_interval: 16
  index_block_restart_interval: 1
  metadata_block_size: 4096
  partition_filters: 0
  use_delta_encoding: 1
  filter_policy: nullptr
  whole_key_filtering: 1
  verify_compression: 0
  read_amp_bytes_per_bit: 0
  format_version: 4
  enable_index_compression: 1
  block_align: 0
2025/05/20-02:12:59.242937 7ff3ba48f380        Options.write_buffer_size: 67108864
2025/05/20-02:12:59.242938 7ff3ba48f380  Options.max_write_buffer_number: 2
2025/05/20-02:12:59.242940 7ff3ba48f380          Options.compression: NoCompression
2025/05/20-02:12:59.242940 7ff3ba48f380                  Options.bottommost_compression: Disabled
2025/05/20-02:12:59.242941 7ff3ba48f380       Options.prefix_extractor: nullptr
2025/05/20-02:12:59.242942 7ff3ba48f380   Options.memtable_insert_with_hint_prefix_extractor: nullptr
2025/05/20-02:12:59.242943 7ff3ba48f380             Options.num_levels: 7
2025/05/20-02:12:59.242943 7ff3ba48f380        Options.min_write_buffer_number_to_merge: 1
2025/05/20-02:12:59.242944 7ff3ba48f380     Options.max_write_buffer_number_to_maintain: 0
2025/05/20-02:12:59.242944 7ff3ba48f380     Options.max_write_buffer_size_to_maintain: 0
2025/05/20-02:12:59.242945 7ff3ba48f380            Options.bottommost_compression_opts.window_bits: -14
2025/05/20-02:12:59.242945 7ff3ba48f380                  Options.bottommost_compression_opts.level: 32767
2025/05/20-02:12:59.242946 7ff3ba48f380               Options.bottommost_compression_opts.strategy: 0
2025/05/20-02:12:59.242947 7ff3ba48f380         Options.bottommost_compression_opts.max_dict_bytes: 0
2025/05/20-02:12:59.242947 7ff3ba48f380         Options.bottommost_compression_opts.zstd_max_train_bytes: 0
2025/05/20-02:12:59.243216 7ff3ba48f380         Options.bottommost_compression_opts.parallel_threads: 1
2025/05/20-02:12:59.243221 7ff3ba48f380                  Options.bottommost_compression_opts.enabled: false
2025/05/20-02:12:59.243222 7ff3ba48f380            Options.compression_opts.window_bits: -14
2025/05/20-02:12:59.243223 7ff3ba48f380                  Options.compression_opts.level: 32767
2025/05/20-02:12:59.243223 7ff3ba48f380               Options.compression_opts.strategy: 0
2025/05/20-02:12:59.243224 7ff3ba48f380         Options.compression_opts.max_dict_bytes: 0
2025/05/20-02:12:59.243225 7ff3ba48f380         Options.compression_opts.zstd_max_train_bytes: 0
2025/05/20-02:12:59.243225 7ff3ba48f380         Options.compression_opts.parallel_threads: 1
2025/05/20-02:12:59.243226 7ff3ba48f380                  Options.compression_opts.enabled: false
2025/05/20-02:12:59.243226 7ff3ba48f380      Options.level0_file_num_compaction_trigger: 4
2025/05/20-02:12:59.243227 7ff3ba48f380          Options.level0_slowdown_writes_trigger: 20
2025/05/20-02:12:59.243227 7ff3ba48f380              Options.level0_stop_writes_trigger: 36
2025/05/20-02:12:59.243228 7ff3ba48f380                   Options.target_file_size_base: 67108864
2025/05/20-02:12:59.243229 7ff3ba48f380             Options.target_file_size_multiplier: 1
2025/05/20-02:12:59.243229 7ff3ba48f380                Options.max_bytes_for_level_base: 268435456
2025/05/20-02:12:59.243230 7ff3ba48f380 Options.level_compaction_dynamic_level_bytes: 0
2025/05/20-02:12:59.243230 7ff3ba48f380          Options.max_bytes_for_level_multiplier: 10.000000
2025/05/20-02:12:59.243233 7ff3ba48f380 Options.max_bytes_for_level_multiplier_addtl[0]: 1
2025/05/20-02:12:59.243234 7ff3ba48f380 Options.max_bytes_for_level_multiplier_addtl[1]: 1
2025/05/20-02:12:59.243235 7ff3ba48f380 Options.max_bytes_for_level_multiplier_addtl[2]: 1
2025/05/20-02:12:59.243236 7ff3ba48f380 Options.max_bytes_for_level_multiplier_addtl[3]: 1
2025/05/20-02:12:59.243236 7ff3ba48f380 Options.max_bytes_for_level_multiplier_addtl[4]: 1
2025/05/20-02:12:59.243237 7ff3ba48f380 Options.max_bytes_for_level_multiplier_addtl[5]: 1
2025/05/20-02:12:59.243237 7ff3ba48f380 Options.max_bytes_for_level_multiplier_addtl[6]: 1
2025/05/20-02:12:59.243238 7ff3ba48f380       Options.max_sequential_skip_in_iterations: 8
2025/05/20-02:12:59.243238 7ff3ba48f380                    Options.max_compaction_bytes: 1677721600
2025/05/20-02:12:59.243240 7ff3ba48f380                        Options.arena_block_size: 8388608
2025/05/20-02:12:59.243242 7ff3ba48f380   Options.soft_pending_compaction_bytes_limit: 68719476736
2025/05/20-02:12:59.243242 7ff3ba48f380   Options.hard_pending_compaction_bytes_limit: 274877906944
2025/05/20-02:12:59.243243 7ff3ba48f380       Options.rate_limit_delay_max_milliseconds: 100
2025/05/20-02:12:59.243243 7ff3ba48f380                Options.disable_auto_compactions: 0
2025/05/20-02:12:59.243245 7ff3ba48f380                        Options.compaction_style: kCompactionStyleLevel
2025/05/20-02:12:59.243246 7ff3ba48f380                          Options.compaction_pri: kMinOverlappingRatio
2025/05/20-02:12:59.243247 7ff3ba48f380 Options.compaction_options_universal.size_ratio: 1
2025/05/20-02:12:59.243247 7ff3ba48f380 Options.compaction_options_universal.min_merge_width: 2
2025/05/20-02:12:59.243247 7ff3ba48f380 Options.compaction_options_universal.max_merge_width: 4294967295
2025/05/20-02:12:59.243248 7ff3ba48f380 Options.compaction_options_universal.max_size_amplification_percent: 200
2025/05/20-02:12:59.243249 7ff3ba48f380 Options.compaction_options_universal.compression_size_percent: -1
2025/05/20-02:12:59.243249 7ff3ba48f380 Options.compaction_options_universal.stop_style: kCompactionStopStyleTotalSize
2025/05/20-02:12:59.243250 7ff3ba48f380 Options.compaction_options_fifo.max_table_files_size: 1073741824
2025/05/20-02:12:59.243250 7ff3ba48f380 Options.compaction_options_fifo.allow_compaction: 0
2025/05/20-02:12:59.243255 7ff3ba48f380                   Options.table_properties_collectors: 
2025/05/20-02:12:59.243573 7ff3ba48f380                   Options.inplace_update_support: 0
2025/05/20-02:12:59.243577 7ff3ba48f380                 Options.inplace_update_num_locks: 10000
2025/05/20-02:12:59.243579 7ff3ba48f380               Options.memtable_prefix_bloom_size_ratio: 0.000000
2025/05/20-02:12:59.243581 7ff3ba48f380               Options.memtable_whole_key_filtering: 0
2025/05/20-02:12:59.243582 7ff3ba48f380   Options.memtable_huge_page_size: 0
2025/05/20-02:12:59.243583 7ff3ba48f380                           Options.bloom_locality: 0
2025/05/20-02:12:59.243584 7ff3ba48f380                    Options.max_successive_merges: 0
2025/05/20-02:12:59.243585 7ff3ba48f380                Options.optimize_filters_for_hits: 0
2025/05/20-02:12:59.243586 7ff3ba48f380                Options.paranoid_file_checks: 0
2025/05/20-02:12:59.243587 7ff3ba48f380                Options.force_consistency_checks: 1
2025/05/20-02:12:59.243587 7ff3ba48f380                Options.report_bg_io_stats: 0
2025/05/20-02:12:59.243588 7ff3ba48f380                               Options.ttl: 2592000
2025/05/20-02:12:59.243589 7ff3ba48f380          Options.periodic_compaction_seconds: 0
2025/05/20-02:12:59.243590 7ff3ba48f380                    Options.enable_blob_files: false
2025/05/20-02:12:59.243592 7ff3ba48f380                        Options.min_blob_size: 0
2025/05/20-02:12:59.243593 7ff3ba48f380                       Options.blob_file_size: 268435456
2025/05/20-02:12:59.243594 7ff3ba48f380                Options.blob_compression_type: NoCompression
2025/05/20-02:12:59.243595 7ff3ba48f380       Options.enable_blob_garbage_collection: false
2025/05/20-02:12:59.243596 7ff3ba48f380   Options.blob_garbage_collection_age_cutoff: 0.250000
2025/05/20-02:12:59.251114 7ff3ba48f380 [db/version_set.cc:4773] Recovered from manifest file:/var/lib/milvus/rdb_data_meta_kv/MANIFEST-000073 succeeded,manifest_file_number is 73, next_file_number is 75, last_sequence is 282512, log_number is 69,prev_log_number is 0,max_column_family is 0,min_log_number_to_keep is 0
2025/05/20-02:12:59.251125 7ff3ba48f380 [db/version_set.cc:4782] Column family [default] (ID 0), log number is 69
2025/05/20-02:12:59.257815 7ff3ba48f380 [db/version_set.cc:4083] Creating manifest 77
2025/05/20-02:12:59.276753 7ff3ba48f380 EVENT_LOG_v1 {"time_micros": 1747707179276745, "job": 1, "event": "recovery_started", "wal_files": [74]}
2025/05/20-02:12:59.276759 7ff3ba48f380 [db/db_impl/db_impl_open.cc:847] Recovering log #74 mode 2
2025/05/20-02:12:59.287797 7ff3ba48f380 EVENT_LOG_v1 {"time_micros": 1747707179287762, "cf_name": "default", "job": 1, "event": "table_file_creation", "file_number": 78, "file_size": 965, "file_checksum": "", "file_checksum_func_name": "Unknown", "table_properties": {"data_size": 94, "index_size": 23, "index_partitions": 0, "top_level_index_size": 0, "index_key_is_user_key": 1, "index_value_is_delta_encoded": 1, "filter_size": 0, "raw_key_size": 60, "raw_average_key_size": 30, "raw_value_size": 15, "raw_average_value_size": 7, "num_data_blocks": 1, "num_entries": 2, "num_deletions": 0, "num_merge_operands": 0, "num_range_deletions": 0, "format_version": 0, "fixed_key_len": 0, "filter_policy": "", "column_family_name": "default", "column_family_id": 0, "comparator": "leveldb.BytewiseComparator", "merge_operator": "nullptr", "prefix_extractor_name": "nullptr", "property_collectors": "[]", "compression": "NoCompression", "compression_options": "window_bits=-14; level=32767; strategy=0; max_dict_bytes=0; zstd_max_train_bytes=0; enabled=0; ", "creation_time": 1747707179, "oldest_key_time": 0, "file_creation_time": 0, "db_id": "29c55ede-ae96-4960-826e-49b70b75acdb", "db_session_id": "NNNH8867UPMLXQAVVVUX"}}
2025/05/20-02:12:59.288120 7ff3ba48f380 [db/version_set.cc:4083] Creating manifest 79
2025/05/20-02:12:59.304177 7ff3ba48f380 EVENT_LOG_v1 {"time_micros": 1747707179304171, "job": 1, "event": "recovery_finished"}
2025/05/20-02:12:59.313595 7ff3ba48f380 [file/delete_scheduler.cc:73] Deleted file /var/lib/milvus/rdb_data_meta_kv/000074.log immediately, rate_bytes_per_sec 0, total_trash_size 0 max_trash_db_ratio 0.250000
2025/05/20-02:12:59.329026 7ff3ba48f380 [db/db_impl/db_impl_open.cc:1701] SstFileManager instance 0x1c17d4d0
2025/05/20-02:12:59.329133 7ff37d7fa700 [db/compaction/compaction_job.cc:1884] [default] [JOB 3] Compacting 4@0 + 1@1 files to L1, score 1.00
2025/05/20-02:12:59.329145 7ff37d7fa700 [db/compaction/compaction_job.cc:1888] [default] Compaction start summary: Base version 3 Base level 0, inputs: [78(965B) 72(965B) 66(965B) 60(965B)], [57(1074B)]
2025/05/20-02:12:59.329167 7ff37d7fa700 EVENT_LOG_v1 {"time_micros": 1747707179329154, "job": 3, "event": "compaction_started", "compaction_reason": "LevelL0FilesNum", "files_L0": [78, 72, 66, 60], "files_L1": [57], "score": 1, "input_data_size": 4934}
2025/05/20-02:12:59.331233 7ff3ba48f380 DB pointer 0x1c17e550
2025/05/20-02:12:59.331693 7ff3307f8700 [db/db_impl/db_impl.cc:902] ------- DUMPING STATS -------
2025/05/20-02:12:59.331709 7ff3307f8700 [db/db_impl/db_impl.cc:903] 
** DB Stats **
Uptime(secs): 0.1 total, 0.1 interval
Cumulative writes: 0 writes, 0 keys, 0 commit groups, 0.0 writes per commit group, ingest: 0.00 GB, 0.00 MB/s
Cumulative WAL: 0 writes, 0 syncs, 0.00 writes per sync, written: 0.00 GB, 0.00 MB/s
Cumulative stall: 00:00:0.000 H:M:S, 0.0 percent
Interval writes: 0 writes, 0 keys, 0 commit groups, 0.0 writes per commit group, ingest: 0.00 MB, 0.00 MB/s
Interval WAL: 0 writes, 0 syncs, 0.00 writes per sync, written: 0.00 MB, 0.00 MB/s
Interval stall: 00:00:0.000 H:M:S, 0.0 percent

** Compaction Stats [default] **
Level    Files   Size     Score Read(GB)  Rn(GB) Rnp1(GB) Write(GB) Wnew(GB) Moved(GB) W-Amp Rd(MB/s) Wr(MB/s) Comp(sec) CompMergeCPU(sec) Comp(cnt) Avg(sec) KeyIn KeyDrop
----------------------------------------------------------------------------------------------------------------------------------------------------------------------------
  L0      4/4    3.77 KB   0.0      0.0     0.0      0.0       0.0      0.0       0.0   1.0      0.0      0.1      0.01              0.00         1    0.008       0      0
  L1      1/1    1.05 KB   0.0      0.0     0.0      0.0       0.0      0.0       0.0   0.0      0.0      0.0      0.00              0.00         0    0.000       0      0
 Sum      5/5    4.82 KB   0.0      0.0     0.0      0.0       0.0      0.0       0.0   1.0      0.0      0.1      0.01              0.00         1    0.008       0      0
 Int      0/0    0.00 KB   0.0      0.0     0.0      0.0       0.0      0.0       0.0   1.0      0.0      0.1      0.01              0.00         1    0.008       0      0

** Compaction Stats [default] **
Priority    Files   Size     Score Read(GB)  Rn(GB) Rnp1(GB) Write(GB) Wnew(GB) Moved(GB) W-Amp Rd(MB/s) Wr(MB/s) Comp(sec) CompMergeCPU(sec) Comp(cnt) Avg(sec) KeyIn KeyDrop
-------------------------------------------------------------------------------------------------------------------------------------------------------------------------------
User      0/0    0.00 KB   0.0      0.0     0.0      0.0       0.0      0.0       0.0   0.0      0.0      0.1      0.01              0.00         1    0.008       0      0
Uptime(secs): 0.1 total, 0.1 interval
Flush(GB): cumulative 0.000, interval 0.000
AddFile(GB): cumulative 0.000, interval 0.000
AddFile(Total Files): cumulative 0, interval 0
AddFile(L0 Files): cumulative 0, interval 0
AddFile(Keys): cumulative 0, interval 0
Cumulative compaction: 0.00 GB write, 0.01 MB/s write, 0.00 GB read, 0.00 MB/s read, 0.0 seconds
Interval compaction: 0.00 GB write, 0.01 MB/s write, 0.00 GB read, 0.00 MB/s read, 0.0 seconds
Stalls(count): 0 level0_slowdown, 0 level0_slowdown_with_compaction, 0 level0_numfiles, 0 level0_numfiles_with_compaction, 0 stop for pending_compaction_bytes, 0 slowdown for pending_compaction_bytes, 0 memtable_compaction, 0 memtable_slowdown, interval 0 total count

** File Read Latency Histogram By Level [default] **

** Compaction Stats [default] **
Level    Files   Size     Score Read(GB)  Rn(GB) Rnp1(GB) Write(GB) Wnew(GB) Moved(GB) W-Amp Rd(MB/s) Wr(MB/s) Comp(sec) CompMergeCPU(sec) Comp(cnt) Avg(sec) KeyIn KeyDrop
----------------------------------------------------------------------------------------------------------------------------------------------------------------------------
  L0      4/4    3.77 KB   0.0      0.0     0.0      0.0       0.0      0.0       0.0   1.0      0.0      0.1      0.01              0.00         1    0.008       0      0
  L1      1/1    1.05 KB   0.0      0.0     0.0      0.0       0.0      0.0       0.0   0.0      0.0      0.0      0.00              0.00         0    0.000       0      0
 Sum      5/5    4.82 KB   0.0      0.0     0.0      0.0       0.0      0.0       0.0   1.0      0.0      0.1      0.01              0.00         1    0.008       0      0
 Int      0/0    0.00 KB   0.0      0.0     0.0      0.0       0.0      0.0       0.0   0.0      0.0      0.0      0.00              0.00         0    0.000       0      0

** Compaction Stats [default] **
Priority    Files   Size     Score Read(GB)  Rn(GB) Rnp1(GB) Write(GB) Wnew(GB) Moved(GB) W-Amp Rd(MB/s) Wr(MB/s) Comp(sec) CompMergeCPU(sec) Comp(cnt) Avg(sec) KeyIn KeyDrop
-------------------------------------------------------------------------------------------------------------------------------------------------------------------------------
User      0/0    0.00 KB   0.0      0.0     0.0      0.0       0.0      0.0       0.0   0.0      0.0      0.1      0.01              0.00         1    0.008       0      0
Uptime(secs): 0.1 total, 0.0 interval
Flush(GB): cumulative 0.000, interval 0.000
AddFile(GB): cumulative 0.000, interval 0.000
AddFile(Total Files): cumulative 0, interval 0
AddFile(L0 Files): cumulative 0, interval 0
AddFile(Keys): cumulative 0, interval 0
Cumulative compaction: 0.00 GB write, 0.01 MB/s write, 0.00 GB read, 0.00 MB/s read, 0.0 seconds
Interval compaction: 0.00 GB write, 0.00 MB/s write, 0.00 GB read, 0.00 MB/s read, 0.0 seconds
Stalls(count): 0 level0_slowdown, 0 level0_slowdown_with_compaction, 0 level0_numfiles, 0 level0_numfiles_with_compaction, 0 stop for pending_compaction_bytes, 0 slowdown for pending_compaction_bytes, 0 memtable_compaction, 0 memtable_slowdown, interval 0 total count

** File Read Latency Histogram By Level [default] **
2025/05/20-02:12:59.337273 7ff37d7fa700 [db/compaction/compaction_job.cc:1521] [default] [JOB 3] Generated table #83: 3 keys, 1074 bytes
2025/05/20-02:12:59.337311 7ff37d7fa700 EVENT_LOG_v1 {"time_micros": 1747707179337289, "cf_name": "default", "job": 3, "event": "table_file_creation", "file_number": 83, "file_size": 1074, "file_checksum": "", "file_checksum_func_name": "Unknown", "table_properties": {"data_size": 149, "index_size": 52, "index_partitions": 0, "top_level_index_size": 0, "index_key_is_user_key": 1, "index_value_is_delta_encoded": 1, "filter_size": 0, "raw_key_size": 102, "raw_average_key_size": 34, "raw_value_size": 25, "raw_average_value_size": 8, "num_data_blocks": 1, "num_entries": 3, "num_deletions": 0, "num_merge_operands": 0, "num_range_deletions": 0, "format_version": 0, "fixed_key_len": 0, "filter_policy": "", "column_family_name": "default", "column_family_id": 0, "comparator": "leveldb.BytewiseComparator", "merge_operator": "nullptr", "prefix_extractor_name": "nullptr", "property_collectors": "[]", "compression": "NoCompression", "compression_options": "window_bits=-14; level=32767; strategy=0; max_dict_bytes=0; zstd_max_train_bytes=0; enabled=0; ", "creation_time": 1747646215, "oldest_key_time": 0, "file_creation_time": 1747707179, "db_id": "29c55ede-ae96-4960-826e-49b70b75acdb", "db_session_id": "NNNH8867UPMLXQAVVVUX"}}
2025/05/20-02:12:59.343181 7ff37d7fa700 [db/compaction/compaction_job.cc:1598] [default] [JOB 3] Compacted 4@0 + 1@1 files to L1 => 1074 bytes
2025/05/20-02:12:59.345101 7ff37d7fa700 (Original Log Time 2025/05/20-02:12:59.345052) [db/compaction/compaction_job.cc:830] [default] compacted to: files[0 1 0 0 0 0 0] max score 0.00, MB/sec: 0.5 rd, 0.1 wr, level 1, files in(4, 1) out(1) MB in(0.0, 0.0) out(0.0), read-write-amplify(1.6) write-amplify(0.3) OK, records in: 11, records dropped: 8 output_compression: NoCompression
2025/05/20-02:12:59.345106 7ff37d7fa700 (Original Log Time 2025/05/20-02:12:59.345075) EVENT_LOG_v1 {"time_micros": 1747707179345068, "job": 3, "event": "compaction_finished", "compaction_time_micros": 9122, "compaction_time_cpu_micros": 846, "output_level": 1, "num_output_files": 1, "total_output_size": 1074, "num_input_records": 11, "num_output_records": 3, "num_subcompactions": 1, "output_compression": "NoCompression", "num_single_delete_mismatches": 0, "num_single_delete_fallthrough": 0, "lsm_state": [0, 1, 0, 0, 0, 0, 0]}
2025/05/20-02:12:59.347276 7ff37d7fa700 [file/delete_scheduler.cc:73] Deleted file /var/lib/milvus/rdb_data_meta_kv/000078.sst immediately, rate_bytes_per_sec 0, total_trash_size 0 max_trash_db_ratio 0.250000
2025/05/20-02:12:59.347294 7ff37d7fa700 EVENT_LOG_v1 {"time_micros": 1747707179347292, "job": 3, "event": "table_file_deletion", "file_number": 78}
2025/05/20-02:12:59.349317 7ff37d7fa700 [file/delete_scheduler.cc:73] Deleted file /var/lib/milvus/rdb_data_meta_kv/000072.sst immediately, rate_bytes_per_sec 0, total_trash_size 0 max_trash_db_ratio 0.250000
2025/05/20-02:12:59.349336 7ff37d7fa700 EVENT_LOG_v1 {"time_micros": 1747707179349334, "job": 3, "event": "table_file_deletion", "file_number": 72}
2025/05/20-02:12:59.351373 7ff37d7fa700 [file/delete_scheduler.cc:73] Deleted file /var/lib/milvus/rdb_data_meta_kv/000066.sst immediately, rate_bytes_per_sec 0, total_trash_size 0 max_trash_db_ratio 0.250000
2025/05/20-02:12:59.351389 7ff37d7fa700 EVENT_LOG_v1 {"time_micros": 1747707179351388, "job": 3, "event": "table_file_deletion", "file_number": 66}
2025/05/20-02:12:59.353440 7ff37d7fa700 [file/delete_scheduler.cc:73] Deleted file /var/lib/milvus/rdb_data_meta_kv/000060.sst immediately, rate_bytes_per_sec 0, total_trash_size 0 max_trash_db_ratio 0.250000
2025/05/20-02:12:59.353458 7ff37d7fa700 EVENT_LOG_v1 {"time_micros": 1747707179353457, "job": 3, "event": "table_file_deletion", "file_number": 60}
2025/05/20-02:12:59.355311 7ff37d7fa700 [file/delete_scheduler.cc:73] Deleted file /var/lib/milvus/rdb_data_meta_kv/000057.sst immediately, rate_bytes_per_sec 0, total_trash_size 0 max_trash_db_ratio 0.250000
2025/05/20-02:12:59.355325 7ff37d7fa700 EVENT_LOG_v1 {"time_micros": 1747707179355323, "job": 3, "event": "table_file_deletion", "file_number": 57}
2025/05/20-02:22:59.332463 7ff3307f8700 [db/db_impl/db_impl.cc:902] ------- DUMPING STATS -------
2025/05/20-02:22:59.332666 7ff3307f8700 [db/db_impl/db_impl.cc:903] 
** DB Stats **
Uptime(secs): 600.1 total, 600.0 interval
Cumulative writes: 2797 writes, 2797 keys, 2797 commit groups, 1.0 writes per commit group, ingest: 0.00 GB, 0.00 MB/s
Cumulative WAL: 2797 writes, 0 syncs, 2797.00 writes per sync, written: 0.00 GB, 0.00 MB/s
Cumulative stall: 00:00:0.000 H:M:S, 0.0 percent
Interval writes: 2797 writes, 2797 keys, 2797 commit groups, 1.0 writes per commit group, ingest: 0.16 MB, 0.00 MB/s
Interval WAL: 2797 writes, 0 syncs, 2797.00 writes per sync, written: 0.00 MB, 0.00 MB/s
Interval stall: 00:00:0.000 H:M:S, 0.0 percent

** Compaction Stats [default] **
Level    Files   Size     Score Read(GB)  Rn(GB) Rnp1(GB) Write(GB) Wnew(GB) Moved(GB) W-Amp Rd(MB/s) Wr(MB/s) Comp(sec) CompMergeCPU(sec) Comp(cnt) Avg(sec) KeyIn KeyDrop
----------------------------------------------------------------------------------------------------------------------------------------------------------------------------
  L0      0/0    0.00 KB   0.0      0.0     0.0      0.0       0.0      0.0       0.0   1.0      0.0      0.1      0.01              0.00         1    0.008       0      0
  L1      1/0    1.05 KB   0.0      0.0     0.0      0.0       0.0      0.0       0.0   0.3      0.5      0.1      0.01              0.00         1    0.009      11      8
 Sum      1/0    1.05 KB   0.0      0.0     0.0      0.0       0.0      0.0       0.0   2.1      0.3      0.1      0.02              0.00         2    0.008      11      8
 Int      0/0    0.00 KB   0.0      0.0     0.0      0.0       0.0      0.0       0.0 1074.0      0.5      0.1      0.01              0.00         1    0.009      11      8

** Compaction Stats [default] **
Priority    Files   Size     Score Read(GB)  Rn(GB) Rnp1(GB) Write(GB) Wnew(GB) Moved(GB) W-Amp Rd(MB/s) Wr(MB/s) Comp(sec) CompMergeCPU(sec) Comp(cnt) Avg(sec) KeyIn KeyDrop
-------------------------------------------------------------------------------------------------------------------------------------------------------------------------------
 Low      0/0    0.00 KB   0.0      0.0     0.0      0.0       0.0      0.0       0.0   0.0      0.5      0.1      0.01              0.00         1    0.009      11      8
User      0/0    0.00 KB   0.0      0.0     0.0      0.0       0.0      0.0       0.0   0.0      0.0      0.1      0.01              0.00         1    0.008       0      0
Uptime(secs): 600.1 total, 600.0 interval
Flush(GB): cumulative 0.000, interval 0.000
AddFile(GB): cumulative 0.000, interval 0.000
AddFile(Total Files): cumulative 0, interval 0
AddFile(L0 Files): cumulative 0, interval 0
AddFile(Keys): cumulative 0, interval 0
Cumulative compaction: 0.00 GB write, 0.00 MB/s write, 0.00 GB read, 0.00 MB/s read, 0.0 seconds
Interval compaction: 0.00 GB write, 0.00 MB/s write, 0.00 GB read, 0.00 MB/s read, 0.0 seconds
Stalls(count): 0 level0_slowdown, 0 level0_slowdown_with_compaction, 0 level0_numfiles, 0 level0_numfiles_with_compaction, 0 stop for pending_compaction_bytes, 0 slowdown for pending_compaction_bytes, 0 memtable_compaction, 0 memtable_slowdown, interval 0 total count

** File Read Latency Histogram By Level [default] **

** Compaction Stats [default] **
Level    Files   Size     Score Read(GB)  Rn(GB) Rnp1(GB) Write(GB) Wnew(GB) Moved(GB) W-Amp Rd(MB/s) Wr(MB/s) Comp(sec) CompMergeCPU(sec) Comp(cnt) Avg(sec) KeyIn KeyDrop
----------------------------------------------------------------------------------------------------------------------------------------------------------------------------
  L0      0/0    0.00 KB   0.0      0.0     0.0      0.0       0.0      0.0       0.0   1.0      0.0      0.1      0.01              0.00         1    0.008       0      0
  L1      1/0    1.05 KB   0.0      0.0     0.0      0.0       0.0      0.0       0.0   0.3      0.5      0.1      0.01              0.00         1    0.009      11      8
 Sum      1/0    1.05 KB   0.0      0.0     0.0      0.0       0.0      0.0       0.0   2.1      0.3      0.1      0.02              0.00         2    0.008      11      8
 Int      0/0    0.00 KB   0.0      0.0     0.0      0.0       0.0      0.0       0.0   0.0      0.0      0.0      0.00              0.00         0    0.000       0      0

** Compaction Stats [default] **
Priority    Files   Size     Score Read(GB)  Rn(GB) Rnp1(GB) Write(GB) Wnew(GB) Moved(GB) W-Amp Rd(MB/s) Wr(MB/s) Comp(sec) CompMergeCPU(sec) Comp(cnt) Avg(sec) KeyIn KeyDrop
-------------------------------------------------------------------------------------------------------------------------------------------------------------------------------
 Low      0/0    0.00 KB   0.0      0.0     0.0      0.0       0.0      0.0       0.0   0.0      0.5      0.1      0.01              0.00         1    0.009      11      8
User      0/0    0.00 KB   0.0      0.0     0.0      0.0       0.0      0.0       0.0   0.0      0.0      0.1      0.01              0.00         1    0.008       0      0
Uptime(secs): 600.1 total, 0.0 interval
Flush(GB): cumulative 0.000, interval 0.000
AddFile(GB): cumulative 0.000, interval 0.000
AddFile(Total Files): cumulative 0, interval 0
AddFile(L0 Files): cumulative 0, interval 0
AddFile(Keys): cumulative 0, interval 0
Cumulative compaction: 0.00 GB write, 0.00 MB/s write, 0.00 GB read, 0.00 MB/s read, 0.0 seconds
Interval compaction: 0.00 GB write, 0.00 MB/s write, 0.00 GB read, 0.00 MB/s read, 0.0 seconds
Stalls(count): 0 level0_slowdown, 0 level0_slowdown_with_compaction, 0 level0_numfiles, 0 level0_numfiles_with_compaction, 0 stop for pending_compaction_bytes, 0 slowdown for pending_compaction_bytes, 0 memtable_compaction, 0 memtable_slowdown, interval 0 total count

** File Read Latency Histogram By Level [default] **
2025/05/20-02:32:59.333893 7ff3307f8700 [db/db_impl/db_impl.cc:902] ------- DUMPING STATS -------
2025/05/20-02:32:59.333929 7ff3307f8700 [db/db_impl/db_impl.cc:903] 
** DB Stats **
Uptime(secs): 1200.1 total, 600.0 interval
Cumulative writes: 5608 writes, 5608 keys, 5608 commit groups, 1.0 writes per commit group, ingest: 0.00 GB, 0.00 MB/s
Cumulative WAL: 5608 writes, 0 syncs, 5608.00 writes per sync, written: 0.00 GB, 0.00 MB/s
Cumulative stall: 00:00:0.000 H:M:S, 0.0 percent
Interval writes: 2811 writes, 2811 keys, 2811 commit groups, 1.0 writes per commit group, ingest: 0.16 MB, 0.00 MB/s
Interval WAL: 2811 writes, 0 syncs, 2811.00 writes per sync, written: 0.00 MB, 0.00 MB/s
Interval stall: 00:00:0.000 H:M:S, 0.0 percent

** Compaction Stats [default] **
Level    Files   Size     Score Read(GB)  Rn(GB) Rnp1(GB) Write(GB) Wnew(GB) Moved(GB) W-Amp Rd(MB/s) Wr(MB/s) Comp(sec) CompMergeCPU(sec) Comp(cnt) Avg(sec) KeyIn KeyDrop
----------------------------------------------------------------------------------------------------------------------------------------------------------------------------
  L0      0/0    0.00 KB   0.0      0.0     0.0      0.0       0.0      0.0       0.0   1.0      0.0      0.1      0.01              0.00         1    0.008       0      0
  L1      1/0    1.05 KB   0.0      0.0     0.0      0.0       0.0      0.0       0.0   0.3      0.5      0.1      0.01              0.00         1    0.009      11      8
 Sum      1/0    1.05 KB   0.0      0.0     0.0      0.0       0.0      0.0       0.0   2.1      0.3      0.1      0.02              0.00         2    0.008      11      8
 Int      0/0    0.00 KB   0.0      0.0     0.0      0.0       0.0      0.0       0.0   0.0      0.0      0.0      0.00              0.00         0    0.000       0      0

** Compaction Stats [default] **
Priority    Files   Size     Score Read(GB)  Rn(GB) Rnp1(GB) Write(GB) Wnew(GB) Moved(GB) W-Amp Rd(MB/s) Wr(MB/s) Comp(sec) CompMergeCPU(sec) Comp(cnt) Avg(sec) KeyIn KeyDrop
-------------------------------------------------------------------------------------------------------------------------------------------------------------------------------
 Low      0/0    0.00 KB   0.0      0.0     0.0      0.0       0.0      0.0       0.0   0.0      0.5      0.1      0.01              0.00         1    0.009      11      8
User      0/0    0.00 KB   0.0      0.0     0.0      0.0       0.0      0.0       0.0   0.0      0.0      0.1      0.01              0.00         1    0.008       0      0
Uptime(secs): 1200.1 total, 600.0 interval
Flush(GB): cumulative 0.000, interval 0.000
AddFile(GB): cumulative 0.000, interval 0.000
AddFile(Total Files): cumulative 0, interval 0
AddFile(L0 Files): cumulative 0, interval 0
AddFile(Keys): cumulative 0, interval 0
Cumulative compaction: 0.00 GB write, 0.00 MB/s write, 0.00 GB read, 0.00 MB/s read, 0.0 seconds
Interval compaction: 0.00 GB write, 0.00 MB/s write, 0.00 GB read, 0.00 MB/s read, 0.0 seconds
